bubble 128 16384 8 134016 6322343 17928 4286 65.64612 0.017961842 
merge 128 16384 8 134016 7678430 26441 7952 91.80876 0.022632513 
shuf 128 16384 8 134016 16732593 124268 97314 440.11602 0.069597834 
sieve 128 16384 8 134016 21905809 557886 516438 1860.42809 0.201044847 
bubble 256 16384 8 132544 6322343 18068 3755 100.61062 0.020701228 
merge 256 16384 8 132544 7678430 24281 6030 134.58769 0.025949005 
shuf 256 16384 8 132544 16732593 122029 94863 786.62217 0.096712791 
sieve 256 16384 8 132544 21905809 400070 361082 2590.97456 0.255254567 
bubble 512 16384 8 131808 6322343 19078 3795 178.75098 0.026836017 
merge 512 16384 8 131808 7678430 24110 5341 227.96791 0.033259701 
shuf 512 16384 8 131808 16732593 125106 95742 1521.03409 0.154302175 
sieve 512 16384 8 131808 21905809 272790 228981 3381.92091 0.314712596 
bubble 1024 16384 8 131440 6322343 21307 4651 368.52356 0.041736883 
merge 1024 16384 8 131440 7678430 26494 6096 461.42621 0.051584339 
shuf 1024 16384 8 131440 16732593 133577 101043 3144.09774 0.281616598 
sieve 1024 16384 8 131440 21905809 179403 130235 4149.03174 0.372953826 
bubble 16 16384 16 155648 6322343 45567 15723 43.66466 0.019651022 
merge 16 16384 16 155648 7678430 91202 39872 64.75245 0.025133418 
shuf 16 16384 16 155648 16732593 218739 153437 159.12887 0.057062391 
sieve 16 16384 16 155648 21905809 1278323 1172339 617.43288 0.127458251 
bubble 32 16384 16 143360 6322343 28794 9076 46.07085 0.019648022 
merge 32 16384 16 143360 7678430 52697 21417 67.48095 0.024838281 
shuf 32 16384 16 143360 16732593 159900 120060 195.87218 0.059144135 
sieve 32 16384 16 143360 21905809 973580 911550 882.65225 0.142916499 
bubble 64 16384 16 137216 6322343 20191 5684 51.47039 0.019972232 
merge 64 16384 16 137216 7678430 33445 12080 74.02041 0.025094344 
shuf 64 16384 16 137216 16732593 131864 103493 272.99978 0.064802233 
sieve 64 16384 16 137216 21905809 740374 697112 1284.29704 0.170115003 
bubble 128 16384 16 134144 6322343 16598 4138 64.07930 0.020919050 
merge 128 16384 16 134144 7678430 25205 7708 90.42177 0.026267487 
shuf 128 16384 16 134144 16732593 122386 96544 438.03703 0.077598155 
sieve 128 16384 16 134144 21905809 555331 514735 1856.44764 0.211410147 
bubble 256 16384 16 132608 6322343 18009 3649 100.91202 0.023818510 
merge 256 16384 16 132608 7678430 24006 5948 134.44165 0.029693258 
shuf 256 16384 16 132608 16732593 122286 94722 789.23281 0.105109943 
sieve 256 16384 16 132608 21905809 400734 360624 2594.58585 0.266262267 
bubble 512 16384 16 131840 6322343 18879 3731 177.86683 0.029859902 
merge 512 16384 16 131840 7678430 23834 5197 226.23655 0.036879676 
shuf 512 16384 16 131840 16732593 125127 95626 1522.62892 0.162618881 
sieve 512 16384 16 131840 21905809 272945 228946 3385.61363 0.325728141 
bubble 64 4096 2 34240 6322343 45463 11200 71.06110 0.006444687 
merge 64 4096 2 34240 7678430 79559 27080 116.73853 0.010420705 
shuf 64 4096 2 34240 16732593 221641 144445 362.03468 0.032644697 
sieve 64 4096 2 34240 21905809 836316 726780 1346.63577 0.124645620 
bubble 1024 16384 16 131456 6322343 21086 4542 365.04230 0.044556834 
merge 1024 16384 16 131456 7678430 26173 5938 456.17582 0.054928268 
shuf 1024 16384 16 131456 16732593 132582 100323 3123.88813 0.288209585 
sieve 1024 16384 16 131456 21905809 177581 129518 4118.73389 0.381281405 
bubble 16 16384 32 156672 6322343 45583 15777 44.71001 0.022814014 
merge 16 16384 32 156672 7678430 91224 39971 66.03211 0.028975779 
shuf 16 16384 32 156672 16732593 217807 153372 161.65974 0.065402766 
sieve 16 16384 32 156672 21905809 1276600 1172344 620.76834 0.138366487 
bubble 32 16384 32 143872 6322343 28756 9079 46.98616 0.022807724 
merge 32 16384 32 143872 7678430 52585 21439 68.57401 0.028673717 
shuf 32 16384 32 143872 16732593 159037 120003 197.96098 0.067471792 
sieve 32 16384 32 143872 21905809 971944 911527 885.26658 0.153799726 
bubble 64 16384 32 137472 6322343 20144 5655 52.28742 0.023127780 
merge 64 16384 32 137472 7678430 33376 12031 74.99203 0.028924827 
shuf 64 16384 32 137472 16732593 131836 103484 275.30287 0.073165791 
sieve 64 16384 32 137472 21905809 739522 696909 1286.53011 0.180989838 
bubble 128 16384 32 134272 6322343 16292 4083 64.34259 0.024030403 
merge 128 16384 32 134272 7678430 24808 7672 90.75065 0.030046949 
shuf 128 16384 32 134272 16732593 121741 96332 438.90065 0.085846186 
sieve 128 16384 32 134272 21905809 554575 514213 1857.35094 0.222186688 
bubble 256 16384 32 132672 6322343 18328 3729 103.05883 0.027085815 
merge 256 16384 32 132672 7678430 24344 6001 136.74296 0.033636478 
shuf 256 16384 32 132672 16732593 122926 94925 794.22331 0.113700477 
sieve 256 16384 32 132672 21905809 402059 361631 2605.15321 0.277835483 
bubble 512 16384 32 131872 6322343 18864 3710 178.46713 0.033002282 
merge 512 16384 32 131872 7678430 23887 5206 227.65682 0.040751255 
shuf 512 16384 32 131872 16732593 125050 95490 1523.45336 0.170873991 
sieve 512 16384 32 131872 21905809 272815 228939 3387.62758 0.336609532 
bubble 16 32768 1 301056 6322343 50390 16769 46.83841 0.013481273 
merge 16 32768 1 301056 7678430 357029 135707 145.43256 0.026858199 
shuf 16 32768 1 301056 16732593 230507 148850 167.19725 0.040516504 
sieve 16 32768 1 301056 21905809 1319700 1180434 651.97891 0.106838714 
bubble 32 32768 1 281600 6322343 33656 10479 50.59659 0.013588809 
merge 32 32768 1 281600 7678430 355851 114597 237.93239 0.033805879 
shuf 32 32768 1 281600 16732593 169503 116170 205.22089 0.042651488 
sieve 32 32768 1 281600 21905809 1007524 919792 927.70074 0.122782502 
bubble 64 32768 1 271872 6322343 25742 7501 59.60228 0.014195121 
merge 64 32768 1 271872 7678430 397161 114912 468.61444 0.051940465 
shuf 64 32768 1 271872 16732593 213281 162339 399.20772 0.058449102 
sieve 64 32768 1 271872 21905809 773927 708327 1355.81563 0.151522026 
bubble 128 4096 2 33504 6322343 42010 10503 109.94664 0.009498418 
merge 128 4096 2 33504 7678430 77896 27207 200.01991 0.017033632 
shuf 128 4096 2 33504 16732593 224085 148206 666.41077 0.056930490 
sieve 128 4096 2 33504 21905809 633153 538319 1973.41266 0.170639652 
bubble 128 32768 1 267008 6322343 23294 6664 81.69666 0.015869343 
merge 128 32768 1 267008 7678430 548359 151178 1209.02610 0.110583169 
shuf 128 32768 1 267008 16732593 206084 157208 691.33940 0.080787518 
sieve 128 32768 1 267008 21905809 596491 530639 1996.43487 0.197379170 
bubble 256 32768 1 264576 6322343 24422 6930 136.23838 0.020074771 
merge 256 32768 1 264576 7678430 886343 234450 3782.44093 0.312178002 
shuf 256 32768 1 264576 16732593 344300 298426 2230.34032 0.201618338 
sieve 256 32768 1 264576 21905809 460819 383164 2929.30038 0.266334708 
bubble 512 32768 1 263360 6322343 28352 8021 274.25838 0.030721845 
merge 512 32768 1 263360 7678430 1238605 293040 10261.76307 0.813565754 
shuf 512 32768 1 263360 16732593 1173851 904623 13956.78157 1.115616650 
sieve 512 32768 1 263360 21905809 390404 270037 4518.06791 0.386585432 
bubble 1024 32768 1 262752 6322343 38493 11015 692.05985 0.062926411 
merge 1024 32768 1 262752 7678430 1400798 337340 23230.71593 1.811281756 
shuf 1024 32768 1 262752 16732593 1229600 921871 28790.91480 2.255274236 
sieve 1024 32768 1 262752 21905809 403202 207449 8257.75074 0.673248364 
bubble 16 32768 2 303104 6322343 42393 14240 44.62252 0.013207597 
merge 16 32768 2 303104 7678430 77257 33418 63.10856 0.016924614 
shuf 16 32768 2 303104 16732593 210518 142334 161.64444 0.039827374 
sieve 16 32768 2 303104 21905809 1284129 1170193 642.53206 0.105647602 
bubble 32 32768 2 282624 6322343 26183 8184 46.48532 0.013178553 
merge 32 32768 2 282624 7678430 45059 18230 65.47190 0.016705201 
shuf 32 32768 2 282624 16732593 150416 109672 194.46684 0.041576918 
sieve 32 32768 2 282624 21905809 976466 910982 911.05852 0.121108046 
bubble 64 32768 2 272384 6322343 18384 5207 51.50612 0.013480873 
merge 64 32768 2 272384 7678430 29421 10724 72.10047 0.017017793 
shuf 64 32768 2 272384 16732593 122521 94452 265.95446 0.046709224 
sieve 64 32768 2 272384 21905809 740107 698036 1318.90375 0.148257812 
bubble 128 32768 2 267264 6322343 15208 3831 63.42894 0.014362521 
merge 128 32768 2 267264 7678430 22555 7248 88.10548 0.018159878 
shuf 128 32768 2 267264 16732593 112449 88604 419.83082 0.058398536 
sieve 128 32768 2 267264 21905809 549184 515107 1891.35822 0.188707388 
bubble 256 32768 2 264704 6322343 13743 3073 87.68132 0.016208195 
merge 256 32768 2 264704 7678430 20411 5772 125.62310 0.021011742 
shuf 256 32768 2 264704 16732593 403405 283183 2376.92709 0.213285630 
sieve 256 32768 2 264704 21905809 389283 358716 2608.70305 0.240802964 
bubble 512 32768 2 263424 6322343 14360 3095 147.98439 0.020846649 
merge 512 32768 2 263424 7678430 22037 6204 226.62348 0.028788866 
shuf 512 32768 2 263424 16732593 517375 394947 6172.84268 0.506885306 
sieve 512 32768 2 263424 21905809 261200 227395 3371.04283 0.296881820 
bubble 256 4096 2 33136 6322343 44313 12275 207.51774 0.017304033 
merge 256 4096 2 33136 7678430 213899 111566 1078.10676 0.089103109 
shuf 256 4096 2 33136 16732593 536132 368904 2979.36796 0.246293908 
sieve 256 4096 2 33136 21905809 468068 381691 2822.42678 0.235012410 
bubble 1024 32768 2 262784 6322343 17460 3905 316.53952 0.033826549 
merge 1024 32768 2 262784 7678430 29612 9069 554.23391 0.054043217 
shuf 1024 32768 2 262784 16732593 931281 704490 21909.84852 1.722040436 
sieve 1024 32768 2 262784 21905809 164391 126815 3995.29950 0.342942234 
bubble 16 32768 4 305152 6322343 39310 13907 45.86849 0.016279953 
merge 16 32768 4 305152 7678430 73518 32400 64.49408 0.020640147 
shuf 16 32768 4 305152 16732593 202241 140673 164.76827 0.047935283 
sieve 16 32768 4 305152 21905809 1271034 1167730 646.29092 0.116195998 
bubble 32 32768 4 283648 6322343 23693 7806 47.09010 0.016219269 
merge 32 32768 4 283648 7678430 42129 17487 66.12737 0.020390150 
shuf 32 32768 4 283648 16732593 144183 107909 195.90924 0.049607382 
sieve 32 32768 4 283648 21905809 968176 909270 913.28097 0.131640867 
bubble 64 32768 4 272896 6322343 16152 4861 51.07874 0.016451272 
merge 64 32768 4 272896 7678430 26395 9968 71.03496 0.020577141 
shuf 64 32768 4 272896 16732593 115620 91628 262.39577 0.054355871 
sieve 64 32768 4 272896 21905809 734417 696339 1318.82562 0.158664078 
bubble 128 32768 4 267520 6322343 13125 3410 60.93636 0.017178141 
merge 128 32768 4 267520 7678430 19365 6200 83.07520 0.021414249 
shuf 128 32768 4 267520 16732593 102900 83734 400.20199 0.064775010 
sieve 128 32768 4 267520 21905809 542764 512863 1882.81297 0.198464661 
bubble 256 32768 4 264832 6322343 11688 2662 81.12119 0.018713410 
merge 256 32768 4 264832 7678430 15863 4278 107.47632 0.023243784 
shuf 256 32768 4 264832 16732593 97455 80529 682.22268 0.086363262 
sieve 256 32768 4 264832 21905809 381755 356202 2581.01683 0.249084697 
bubble 512 32768 4 263488 6322343 12323 2505 132.11748 0.022636527 
merge 512 32768 4 263488 7678430 15626 3594 168.43443 0.027919118 
shuf 512 32768 4 263488 16732593 129590 98951 1613.02252 0.158317920 
sieve 512 32768 4 263488 21905809 251858 223877 3291.01120 0.301121804 
bubble 1024 32768 4 262816 6322343 14848 3159 273.39582 0.033515548 
merge 1024 32768 4 262816 7678430 18357 4067 339.33004 0.041072694 
shuf 1024 32768 4 262816 16732593 143796 120310 3611.53961 0.312105122 
sieve 1024 32768 4 262816 21905809 157626 123893 3871.82013 0.343878780 
bubble 16 32768 8 307200 6322343 37835 13752 47.52536 0.019398744 
merge 16 32768 8 307200 7678430 71796 31844 66.44545 0.024420133 
shuf 16 32768 8 307200 16732593 198799 140380 169.29820 0.056204469 
sieve 16 32768 8 307200 21905809 1265684 1167497 652.29054 0.127003745 
bubble 32 32768 8 284672 6322343 22444 7675 48.33811 0.019322480 
merge 32 32768 8 284672 7678430 40510 17132 67.51816 0.024146457 
shuf 32 32768 8 284672 16732593 140467 107540 199.04246 0.057802109 
sieve 32 32768 8 284672 21905809 962058 908694 916.94887 0.142312623 
bubble 512 4096 2 32952 6322343 61336 18972 542.17171 0.044172401 
merge 512 4096 2 32952 7678430 337946 172484 3315.19217 0.268973878 
shuf 512 4096 2 32952 16732593 962412 580078 9992.29699 0.810734113 
sieve 512 4096 2 32952 21905809 364037 260206 4104.84516 0.334831363 
bubble 64 32768 8 273408 6322343 14959 4659 51.65172 0.019509214 
merge 64 32768 8 273408 7678430 24808 9682 71.58118 0.024277753 
shuf 64 32768 8 273408 16732593 111304 90908 262.79368 0.062349503 
sieve 64 32768 8 273408 21905809 726293 695147 1317.14755 0.168927599 
bubble 128 32768 8 267776 6322343 11478 3173 59.48449 0.020079320 
merge 128 32768 8 267776 7678430 17436 5937 81.47306 0.024950968 
shuf 128 32768 8 267776 16732593 98398 82974 395.90765 0.072415151 
sieve 128 32768 8 267776 21905809 533940 511100 1871.05879 0.207956559 
bubble 256 32768 8 264960 6322343 10646 2483 78.72184 0.021549796 
merge 256 32768 8 264960 7678430 14546 4106 104.54206 0.026686925 
shuf 256 32768 8 264960 16732593 93618 79744 671.23635 0.093500107 
sieve 256 32768 8 264960 21905809 374276 354951 2557.71819 0.257715421 
bubble 512 32768 8 263552 6322343 11669 2385 128.62008 0.025393670 
merge 512 32768 8 263552 7678430 15177 3536 167.07736 0.031493680 
shuf 512 32768 8 263552 16732593 97438 80036 1276.57289 0.140027243 
sieve 512 32768 8 263552 21905809 248832 223299 3272.76583 0.310193421 
bubble 1024 32768 8 262848 6322343 14848 2986 272.75134 0.036497838 
merge 1024 32768 8 262848 7678430 18299 3870 337.94832 0.044648239 
shuf 1024 32768 8 262848 16732593 105600 83461 2614.58953 0.242874889 
sieve 1024 32768 8 262848 21905809 156384 124026 3862.80201 0.353684979 
bubble 16 32768 16 309248 6322343 37509 13753 49.48976 0.022551465 
merge 16 32768 16 309248 7678430 72033 31954 68.99499 0.028268371 
shuf 16 32768 16 309248 16732593 198405 140321 174.60505 0.064558987 
sieve 16 32768 16 309248 21905809 1265428 1167553 659.54186 0.137951449 
bubble 32 32768 16 285696 6322343 22130 7687 50.05590 0.022470968 
merge 32 32768 16 285696 7678430 40325 17156 69.69305 0.027978910 
shuf 32 32768 16 285696 16732593 140059 107459 203.73393 0.066147867 
sieve 32 32768 16 285696 21905809 961775 908721 923.39019 0.153254775 
bubble 64 32768 16 273920 6322343 14626 4646 53.11269 0.022644781 
merge 64 32768 16 273920 7678430 24449 9665 73.39328 0.028089144 
shuf 64 32768 16 273920 16732593 110757 90897 266.97189 0.070674507 
sieve 64 32768 16 273920 21905809 725576 695230 1322.78807 0.179833588 
bubble 128 32768 16 268032 6322343 11242 3168 60.78593 0.023207234 
merge 128 32768 16 268032 7678430 17020 5965 82.89440 0.028736639 
shuf 128 32768 16 268032 16732593 97012 82908 397.99898 0.080581072 
sieve 128 32768 16 268032 21905809 531082 511116 1872.27928 0.218517268 
bubble 256 32768 16 265088 6322343 9771 2470 77.43650 0.024474759 
merge 256 32768 16 265088 7678430 13964 4116 104.67328 0.030373989 
shuf 256 32768 16 265088 16732593 92518 79590 671.50625 0.101532839 
sieve 256 32768 16 265088 21905809 373421 354936 2560.68444 0.268436905 
bubble 1024 4096 2 32860 6322343 96520 34744 1714.53653 0.137978600 
merge 1024 4096 2 32860 7678430 592193 274894 11188.51600 0.899097376 
shuf 1024 4096 2 32860 16732593 1980763 1040340 38942.71129 3.129374835 
sieve 1024 4096 2 32860 21905809 302186 172809 6200.42721 0.500121346 
bubble 512 32768 16 263616 6322343 11443 2390 128.81478 0.028439479 
merge 512 32768 16 263616 7678430 14901 3558 167.41005 0.035200307 
shuf 512 32768 16 263616 16732593 96287 79908 1272.46419 0.147725902 
sieve 512 32768 16 263616 21905809 246627 223634 3266.09760 0.320170185 
bubble 1024 32768 16 262880 6322343 14766 2993 273.41492 0.039581459 
merge 1024 32768 16 262880 7678430 17971 3926 336.34022 0.048206207 
shuf 1024 32768 16 262880 16732593 104826 83350 2607.19462 0.250326096 
sieve 1024 32768 16 262880 21905809 153871 123328 3825.73683 0.361317709 
bubble 16 32768 32 311296 6322343 37303 13779 51.51134 0.025707957 
merge 16 32768 32 311296 7678430 71803 32020 71.46559 0.032103321 
shuf 16 32768 32 311296 16732593 198225 140376 180.05125 0.072922034 
sieve 16 32768 32 311296 21905809 1265342 1167625 666.92307 0.148903990 
bubble 32 32768 32 286720 6322343 21880 7691 51.81034 0.025621807 
merge 32 32768 32 286720 7678430 40167 17178 71.89423 0.031812413 
shuf 32 32768 32 286720 16732593 139809 107422 208.54526 0.074502110 
sieve 32 32768 32 286720 21905809 961493 908663 929.84070 0.164193400 
bubble 64 32768 32 274432 6322343 14439 4667 54.73139 0.025793669 
merge 64 32768 32 274432 7678430 24232 9703 75.37878 0.031915114 
shuf 64 32768 32 274432 16732593 110413 90866 271.32099 0.079013054 
sieve 64 32768 32 274432 21905809 725312 695163 1328.70563 0.190761998 
bubble 128 32768 32 268288 6322343 11082 3192 62.26635 0.026349637 
merge 128 32768 32 268288 7678430 16604 5978 84.29450 0.032520239 
shuf 128 32768 32 268288 16732593 96379 82882 401.42620 0.088856426 
sieve 128 32768 32 268288 21905809 529813 511080 1876.08359 0.229290082 
bubble 256 32768 32 265216 6322343 9492 2458 78.14730 0.027558525 
merge 256 32768 32 265216 7678430 13187 4055 103.91766 0.033990296 
shuf 256 32768 32 265216 16732593 90983 79418 670.26674 0.109445074 
sieve 256 32768 32 265216 21905809 369794 354648 2553.48255 0.278348420 
bubble 512 32768 32 263680 6322343 11355 2406 130.00487 0.031563067 
merge 512 32768 32 263680 7678430 14644 3466 167.10953 0.038857344 
shuf 512 32768 32 263680 16732593 96468 79558 1275.76703 0.156003980 
sieve 512 32768 32 263680 21905809 247255 222805 3270.57298 0.331018168 
bubble 1024 32768 32 262912 6322343 14709 3004 274.46586 0.042695067 
merge 1024 32768 32 262912 7678430 17909 3899 337.17446 0.051953395 
shuf 1024 32768 32 262912 16732593 104435 83100 2603.05653 0.258029598 
sieve 1024 32768 32 262912 21905809 153163 123076 3818.70931 0.371277974 
bubble 16 65536 1 598016 6322343 42245 13621 56.01629 0.016348827 
merge 16 65536 1 598016 7678430 329075 124070 156.82666 0.029668048 
shuf 16 65536 1 598016 16732593 194879 125529 187.64424 0.047350126 
sieve 16 65536 1 598016 21905809 1281821 1161258 715.34735 0.116308189 
bubble 16 4096 4 38912 6322343 76739 20904 45.43679 0.007951514 
merge 16 4096 4 38912 7678430 152140 59447 73.95488 0.011869895 
shuf 16 4096 4 38912 16732593 329758 198737 174.78210 0.027661499 
sieve 16 4096 4 38912 21905809 1469197 1249624 638.43975 0.090618767 
bubble 32 65536 1 561152 6322343 27522 8483 58.10672 0.016408520 
merge 32 65536 1 561152 7678430 332901 106337 247.18702 0.036334274 
shuf 32 65536 1 561152 16732593 135660 93430 213.15670 0.048641298 
sieve 32 65536 1 561152 21905809 978011 905682 989.13597 0.131903240 
bubble 64 65536 1 542720 6322343 20284 6000 64.59682 0.016841326 
merge 64 65536 1 542720 7678430 374492 107589 474.51498 0.053560272 
shuf 64 65536 1 542720 16732593 107361 78073 272.52545 0.052741635 
sieve 64 65536 1 542720 21905809 747540 697585 1417.09773 0.159727385 
bubble 128 65536 1 533504 6322343 17509 4996 80.50565 0.018002001 
merge 128 65536 1 533504 7678430 522174 142784 1211.64446 0.109650482 
shuf 128 65536 1 533504 16732593 96377 71540 401.95700 0.062192064 
sieve 128 65536 1 533504 21905809 564963 519752 2039.21374 0.202478804 
bubble 256 65536 1 528896 6322343 17006 4830 117.06582 0.020704686 
merge 256 65536 1 528896 7678430 847789 222990 3777.41443 0.302713493 
shuf 256 65536 1 528896 16732593 96731 71263 693.05463 0.083705923 
sieve 256 65536 1 528896 21905809 416166 369217 2877.67302 0.261700013 
bubble 512 65536 1 526592 6322343 19652 5614 216.57062 0.028085163 
merge 512 65536 1 526592 7678430 1171103 268092 10051.61405 0.769146069 
shuf 512 65536 1 526592 16732593 510192 474237 6949.57241 0.552891457 
sieve 512 65536 1 526592 21905809 317172 247411 4066.93636 0.347500460 
bubble 1024 65536 1 525440 6322343 26743 7273 513.31053 0.050068855 
merge 1024 65536 1 525440 7678430 1300250 302192 22301.99703 1.674811307 
shuf 1024 65536 1 525440 16732593 541824 485336 14371.70545 1.101102959 
sieve 1024 65536 1 525440 21905809 278361 166310 6318.06995 0.512577949 
bubble 16 65536 2 602112 6322343 34912 11871 54.04923 0.016112668 
merge 16 65536 2 602112 7678430 55455 24575 70.76453 0.019967058 
shuf 16 65536 2 602112 16732593 180128 121861 183.77164 0.046871232 
sieve 16 65536 2 602112 21905809 1254394 1154949 708.49668 0.115431053 
bubble 32 65536 2 563200 6322343 20665 6693 54.30605 0.016045347 
merge 32 65536 2 563200 7678430 32163 13548 71.30776 0.019806140 
shuf 32 65536 2 563200 16732593 122892 89877 206.05540 0.047955816 
sieve 32 65536 2 563200 21905809 955547 900922 977.49871 0.130759833 
bubble 64 65536 2 543744 6322343 13561 4119 57.05571 0.016204631 
merge 64 65536 2 543744 7678430 20583 8037 75.36400 0.020004159 
shuf 64 65536 2 543744 16732593 94382 73948 257.57384 0.051475938 
sieve 64 65536 2 543744 21905809 723465 691211 1390.61529 0.157474158 
bubble 128 65536 2 534016 6322343 10675 2826 64.79060 0.016759448 
merge 128 65536 2 534016 7678430 15715 5413 86.73566 0.020801943 
shuf 128 65536 2 534016 16732593 81713 66593 367.75265 0.059485746 
sieve 128 65536 2 534016 21905809 532485 509638 1964.99631 0.196601109 
bubble 32 4096 4 35840 6322343 53828 13091 52.64642 0.008223394 
merge 32 4096 4 35840 7678430 94525 33058 82.58752 0.011727120 
shuf 32 4096 4 35840 16732593 242787 152966 227.42084 0.030542255 
sieve 32 4096 4 35840 21905809 1101574 958023 919.09112 0.106432495 
bubble 256 65536 2 529152 6322343 9201 2263 80.96621 0.017945735 
merge 256 65536 2 529152 7678430 13978 4396 113.61208 0.022773762 
shuf 256 65536 2 529152 16732593 76970 64731 601.55817 0.076711984 
sieve 256 65536 2 529152 21905809 372265 354432 2673.49118 0.246089537 
bubble 512 65536 2 526720 6322343 9231 2161 120.15495 0.020842935 
merge 512 65536 2 526720 7678430 14884 4706 185.70430 0.028112259 
shuf 512 65536 2 526720 16732593 277995 265995 3888.70884 0.322982298 
sieve 512 65536 2 526720 21905809 241518 222893 3370.84037 0.295210676 
bubble 1024 65536 2 525504 6322343 11703 2626 239.92864 0.029712497 
merge 1024 65536 2 525504 7678430 20764 6636 430.00908 0.046217878 
shuf 1024 65536 2 525504 16732593 288408 272441 7896.30571 0.618937385 
sieve 1024 65536 2 525504 21905809 145515 121861 3856.08559 0.329254918 
bubble 16 65536 4 606208 6322343 33793 11833 57.74601 0.019243758 
merge 16 65536 4 606208 7678430 52057 22938 74.41711 0.023675364 
shuf 16 65536 4 606208 16732593 177305 121147 193.48014 0.055145567 
sieve 16 65536 4 606208 21905809 1251215 1155384 722.08647 0.126312613 
bubble 32 65536 4 565248 6322343 19617 6545 57.41028 0.019156286 
merge 32 65536 4 565248 7678430 29703 12571 74.19111 0.023501002 
shuf 32 65536 4 565248 16732593 120606 89321 214.43815 0.056202749 
sieve 32 65536 4 565248 21905809 953002 901207 989.40521 0.141617817 
bubble 64 65536 4 544768 6322343 12454 3935 59.39622 0.019270268 
merge 64 65536 4 544768 7678430 18376 7285 76.98216 0.023624407 
shuf 64 65536 4 544768 16732593 92142 73337 264.28398 0.059631261 
sieve 64 65536 4 544768 21905809 721234 691160 1400.86180 0.168258195 
bubble 128 65536 4 534528 6322343 9305 2609 65.41390 0.019701614 
merge 128 65536 4 534528 7678430 13196 4576 84.99659 0.024178029 
shuf 128 65536 4 534528 16732593 79208 65485 370.44378 0.067353449 
sieve 128 65536 4 534528 21905809 529970 509319 1971.95440 0.207162921 
bubble 256 65536 4 529408 6322343 7690 1955 77.98939 0.020623052 
merge 256 65536 4 529408 7678430 10331 3122 100.55559 0.025303992 
shuf 256 65536 4 529408 16732593 72436 61824 584.54890 0.083098975 
sieve 256 65536 4 529408 21905809 368746 353688 2670.37203 0.255908483 
bubble 512 65536 4 526848 6322343 7541 1705 108.57644 0.022883894 
merge 512 65536 4 526848 7678430 9619 2489 137.75674 0.028045870 
shuf 512 65536 4 526848 16732593 86977 70515 1211.43463 0.129596639 
sieve 512 65536 4 526848 21905809 236530 221204 3336.05163 0.302678187 
bubble 1024 65536 4 525568 6322343 9079 1888 196.56760 0.029397360 
merge 1024 65536 4 525568 7678430 11060 2461 241.31460 0.035706208 
shuf 1024 65536 4 525568 16732593 94554 81291 2558.67678 0.229209545 
sieve 1024 65536 4 525568 21905809 138456 119659 3739.03438 0.330631949 
bubble 64 4096 4 34304 6322343 41655 9226 66.62386 0.009177990 
merge 64 4096 4 34304 7678430 65345 19888 99.76979 0.012675875 
shuf 64 4096 4 34304 16732593 199574 131202 334.18559 0.038398053 
sieve 64 4096 4 34304 21905809 832805 726326 1344.21105 0.135305115 
bubble 16 65536 8 610304 6322343 33306 11649 61.60671 0.022387483 
merge 16 65536 8 610304 7678430 52257 23308 79.42932 0.027529398 
shuf 16 65536 8 610304 16732593 176559 121187 203.98026 0.063493508 
sieve 16 65536 8 610304 21905809 1250500 1155499 736.35138 0.137249918 
bubble 32 65536 8 567296 6322343 19103 6438 60.79739 0.022291375 
merge 32 65536 8 567296 7678430 29460 12618 78.55557 0.027331984 
shuf 32 65536 8 567296 16732593 119718 89167 223.69424 0.064525282 
sieve 32 65536 8 567296 21905809 952356 901621 1002.30850 0.152560978 
bubble 64 65536 8 545792 6322343 11890 3820 62.28832 0.022381194 
merge 64 65536 8 545792 7678430 17887 7191 80.70788 0.027420481 
shuf 64 65536 8 545792 16732593 90902 73075 272.21569 0.067886409 
sieve 64 65536 8 545792 21905809 719211 690953 1411.19827 0.179046080 
bubble 128 65536 8 535040 6322343 8335 2494 66.92056 0.022713055 
merge 128 65536 8 535040 7678430 12097 4450 86.98872 0.027848194 
shuf 128 65536 8 535040 16732593 76842 65095 374.64878 0.075339418 
sieve 128 65536 8 535040 21905809 526731 508939 1977.56220 0.217616403 
bubble 256 65536 8 529664 6322343 6788 1831 77.77636 0.023511307 
merge 256 65536 8 529664 7678430 9379 2996 100.88217 0.028856459 
shuf 256 65536 8 529664 16732593 70426 61402 584.98640 0.090818360 
sieve 256 65536 8 529664 21905809 366230 353253 2671.83104 0.266076421 
bubble 512 65536 8 526976 6322343 6626 1587 104.73450 0.025505839 
merge 512 65536 8 526976 7678430 8712 2324 134.35969 0.031325500 
shuf 512 65536 8 526976 16732593 69525 60749 1031.11595 0.123755139 
sieve 512 65536 8 526976 21905809 233406 220512 3321.15113 0.311639139 
bubble 1024 65536 8 525632 6322343 8345 1781 188.21561 0.031688938 
merge 1024 65536 8 525632 7678430 10039 2266 228.46860 0.038288079 
shuf 1024 65536 8 525632 16732593 73319 61816 2002.16125 0.195481701 
sieve 1024 65536 8 525632 21905809 135925 118847 3704.16683 0.338128192 
bubble 16 65536 16 614400 6322343 32990 11589 65.58735 0.025538879 
merge 16 65536 16 614400 7678430 52729 23576 84.54411 0.031387854 
shuf 16 65536 16 614400 16732593 176076 121087 214.64567 0.071844646 
sieve 16 65536 16 614400 21905809 1250763 1155927 751.09494 0.148220788 
bubble 32 65536 16 569344 6322343 18873 6410 64.37274 0.025441711 
merge 32 65536 16 569344 7678430 29602 12629 83.10771 0.031177626 
shuf 32 65536 16 569344 16732593 119498 89106 233.35930 0.072879776 
sieve 32 65536 16 569344 21905809 952299 901704 1015.41697 0.163514974 
bubble 64 65536 16 546816 6322343 11687 3790 65.58606 0.025525123 
merge 64 65536 16 546816 7678430 17795 7146 84.84204 0.031249558 
shuf 64 65536 16 546816 16732593 90680 72991 281.23481 0.076230062 
sieve 64 65536 16 546816 21905809 719268 691228 1423.83587 0.190023552 
bubble 128 4096 4 33536 6322343 36872 8604 98.83494 0.011688484 
merge 128 4096 4 33536 7678430 51264 13743 135.75378 0.015339600 
shuf 128 4096 4 33536 16732593 178751 121912 551.70777 0.055412123 
sieve 128 4096 4 33536 21905809 622764 534614 1951.47736 0.179647585 
bubble 128 65536 16 535552 6322343 7969 2425 69.56946 0.025814197 
merge 128 65536 16 535552 7678430 11769 4419 90.50197 0.031637867 
shuf 128 65536 16 535552 16732593 76056 65073 382.27486 0.083594210 
sieve 128 65536 16 535552 21905809 525383 509029 1987.31799 0.228395704 
bubble 256 65536 16 529920 6322343 6366 1777 79.48134 0.026545863 
merge 256 65536 16 529920 7678430 8852 2983 103.08567 0.032552034 
shuf 256 65536 16 529920 16732593 69086 61316 588.93462 0.098805340 
sieve 256 65536 16 529920 21905809 363856 353213 2675.17025 0.276387202 
bubble 512 65536 16 527104 6322343 6071 1516 103.72268 0.028340239 
merge 512 65536 16 527104 7678430 7881 2240 132.05552 0.034687085 
shuf 512 65536 16 527104 16732593 67359 60310 1021.86192 0.130761626 
sieve 512 65536 16 527104 21905809 228962 220357 3300.81314 0.320191366 
bubble 1024 65536 16 525696 6322343 7109 1568 171.42083 0.033351843 
merge 1024 65536 16 525696 7678430 8988 2119 215.87323 0.040888561 
shuf 1024 65536 16 525696 16732593 70590 61186 1964.33563 0.200374792 
sieve 1024 65536 16 525696 21905809 131179 117847 3635.93041 0.343139732 
bubble 16 65536 32 618496 6322343 32970 11654 69.71735 0.028701220 
merge 16 65536 32 618496 7678430 52706 23674 89.56773 0.035229019 
shuf 16 65536 32 618496 16732593 175967 121164 225.57584 0.080210111 
sieve 16 65536 32 618496 21905809 1251013 1156216 765.98296 0.159187706 
bubble 32 65536 32 571392 6322343 18873 6425 68.09621 0.028603513 
merge 32 65536 32 571392 7678430 29578 12620 87.60802 0.035015455 
shuf 32 65536 32 571392 16732593 119556 89164 243.27065 0.081250945 
sieve 32 65536 32 571392 21905809 952646 902059 1028.91803 0.174497363 
bubble 64 65536 32 547840 6322343 11671 3788 69.08611 0.028684963 
merge 64 65536 32 547840 7678430 17770 7124 89.07118 0.035085295 
shuf 64 65536 32 547840 16732593 90654 72989 290.53304 0.084594287 
sieve 64 65536 32 547840 21905809 719412 691385 1436.49113 0.200998731 
bubble 128 65536 32 536064 6322343 7865 2426 72.80504 0.028961154 
merge 128 65536 32 536064 7678430 11631 4403 94.38131 0.035455831 
shuf 128 65536 32 536064 16732593 75889 65044 390.98761 0.091933458 
sieve 128 65536 32 536064 21905809 525335 509109 1999.35072 0.239353025 
bubble 256 65536 32 530176 6322343 6238 1759 82.33851 0.029668198 
merge 256 65536 32 530176 7678430 8692 2965 106.55345 0.036343900 
shuf 256 65536 32 530176 16732593 68973 61302 597.41421 0.107137855 
sieve 256 65536 32 530176 21905809 363880 353317 2687.37140 0.287374154 
bubble 512 65536 32 527232 6322343 5918 1508 105.94426 0.031417369 
merge 512 65536 32 527232 7678430 7651 2245 134.54887 0.038408851 
shuf 512 65536 32 527232 16732593 66781 60209 1025.99802 0.138773484 
sieve 512 65536 32 527232 21905809 228386 220286 3307.94762 0.330806537 
bubble 256 4096 4 33152 6322343 34848 8445 164.94941 0.016928734 
merge 256 4096 4 33152 7678430 69708 24489 334.22773 0.031425035 
shuf 256 4096 4 33152 16732593 285311 183970 1577.82921 0.138749375 
sieve 256 4096 4 33152 21905809 451947 374859 2749.30610 0.239859817 
bubble 16 4096 1 38400 6322343 133259 41889 60.84163 0.006805472 
merge 16 4096 1 38400 7678430 547705 211557 184.27647 0.022270231 
shuf 16 4096 1 38400 16732593 801446 322754 294.44175 0.034783532 
sieve 16 4096 1 38400 21905809 1541845 1251124 652.48343 0.081593710 
bubble 1024 65536 32 525760 6322343 6919 1530 171.58284 0.036277262 
merge 1024 65536 32 525760 7678430 8716 2051 215.19380 0.044376217 
shuf 1024 65536 32 525760 16732593 70134 60963 1963.72914 0.208039002 
sieve 1024 65536 32 525760 21905809 129748 117999 3629.72970 0.352770150 
bubble 16 131072 1 1187840 6322343 31565 8969 78.79866 0.019111366 
merge 16 131072 1 1187840 7678430 310994 114979 193.83250 0.032800792 
shuf 16 131072 1 1187840 16732593 164807 108325 251.00103 0.054487247 
sieve 16 131072 1 1187840 21905809 1226048 1122504 853.82656 0.124803391 
bubble 32 131072 1 1118208 6322343 19648 5418 78.05425 0.019110254 
merge 32 131072 1 1118208 7678430 319977 100479 286.97657 0.039384646 
shuf 32 131072 1 1118208 16732593 110991 78142 266.32313 0.055329401 
sieve 32 131072 1 1118208 21905809 934541 876794 1124.84646 0.139817109 
bubble 64 131072 1 1083392 6322343 13617 3605 80.95505 0.019331910 
merge 64 131072 1 1083392 7678430 364011 103262 526.53007 0.056303696 
shuf 64 131072 1 1083392 16732593 84410 63269 311.42755 0.058314061 
sieve 64 131072 1 1083392 21905809 711228 675411 1557.38399 0.166352325 
bubble 128 131072 1 1065984 6322343 11040 2806 90.01460 0.019968230 
merge 128 131072 1 1065984 7678430 512669 139168 1311.74897 0.111679000 
shuf 128 131072 1 1065984 16732593 72767 56580 412.96600 0.065235701 
sieve 128 131072 1 1065984 21905809 529256 502125 2177.17093 0.206071617 
bubble 256 131072 1 1057280 6322343 10260 2545 111.65147 0.021463612 
merge 256 131072 1 1057280 7678430 838682 219606 4058.43356 0.303230102 
shuf 256 131072 1 1057280 16732593 67910 53866 625.30943 0.079778231 
sieve 256 131072 1 1057280 21905809 378618 353736 2977.86961 0.258547203 
bubble 512 131072 1 1052928 6322343 11004 2739 166.37812 0.025231328 
merge 512 131072 1 1052928 7678430 1160527 264426 10762.55300 0.765550959 
shuf 512 131072 1 1052928 16732593 71865 55440 1121.41097 0.113839025 
sieve 512 131072 1 1052928 21905809 262857 228590 3907.33996 0.320276373 
bubble 1024 131072 1 1050752 6322343 13900 3174 318.88548 0.035711998 
merge 1024 131072 1 1050752 7678430 1285828 297636 23785.50536 1.659027269 
shuf 1024 131072 1 1050752 16732593 82450 60730 2310.33957 0.195433935 
sieve 1024 131072 1 1050752 21905809 186522 135623 5045.03792 0.396838969 
bubble 16 131072 2 1196032 6322343 27744 7753 77.79111 0.018980404 
merge 16 131072 2 1196032 7678430 42001 16606 98.04887 0.023249275 
shuf 16 131072 2 1196032 16732593 147523 94057 243.62102 0.053666895 
sieve 16 131072 2 1196032 21905809 1219506 1124430 854.66105 0.124683375 
bubble 32 131072 2 1122304 6322343 16260 4503 76.08394 0.018929528 
merge 32 131072 2 1122304 7678430 24031 9217 95.91254 0.023121909 
shuf 32 131072 2 1122304 16732593 94124 64190 251.54337 0.054035003 
sieve 32 131072 2 1122304 21905809 928860 877725 1123.64404 0.139617609 
bubble 512 4096 4 32960 6322343 41786 10556 362.43608 0.032735320 
merge 512 4096 4 32960 7678430 112759 46039 1052.90502 0.089261190 
shuf 512 4096 4 32960 16732593 770288 440304 7857.29358 0.645849653 
sieve 512 4096 4 32960 21905809 326856 242711 3753.76472 0.317243395 
bubble 64 131072 2 1085440 6322343 10342 2771 77.08694 0.019027844 
merge 64 131072 2 1085440 7678430 14839 5431 97.34944 0.023225473 
shuf 64 131072 2 1085440 16732593 66507 48835 280.60202 0.055921123 
sieve 64 131072 2 1085440 21905809 705413 676511 1553.53593 0.166003415 
bubble 128 131072 2 1067008 6322343 7644 1869 81.84665 0.019370276 
merge 128 131072 2 1067008 7678430 10490 3468 103.51962 0.023651697 
shuf 128 131072 2 1067008 16732593 53506 41384 347.82101 0.060480635 
sieve 128 131072 2 1067008 21905809 519935 500981 2157.76708 0.204627447 
bubble 256 131072 2 1057792 6322343 6143 1435 92.00558 0.020073230 
merge 256 131072 2 1057792 7678430 8090 2413 116.19594 0.024519291 
shuf 256 131072 2 1057792 16732593 46557 37692 484.18658 0.069796049 
sieve 256 131072 2 1057792 21905809 362314 349190 2899.68112 0.253001103 
bubble 512 131072 2 1053184 6322343 5710 1246 115.49176 0.021688514 
merge 512 131072 2 1053184 7678430 7442 1990 147.21112 0.026648998 
shuf 512 131072 2 1053184 16732593 45863 38158 796.85985 0.091244777 
sieve 512 131072 2 1053184 21905809 231780 219369 3605.28812 0.299240817 
bubble 1024 131072 2 1050880 6322343 6913 1406 187.80408 0.026659328 
merge 1024 131072 2 1050880 7678430 8889 2190 242.26380 0.033181179 
shuf 1024 131072 2 1050880 16732593 49497 40724 1517.42285 0.140674329 
sieve 1024 131072 2 1050880 21905809 131892 118231 3966.73827 0.322368221 
bubble 16 131072 4 1204224 6322343 26634 7624 85.39022 0.022109362 
merge 16 131072 4 1204224 7678430 37371 14884 106.00818 0.026923339 
shuf 16 131072 4 1204224 16732593 146649 94498 264.53637 0.062021934 
sieve 16 131072 4 1204224 21905809 1219785 1127695 884.01409 0.135728424 
bubble 32 131072 4 1126400 6322343 15465 4470 82.95096 0.022055924 
merge 32 131072 4 1126400 7678430 21135 8228 102.82935 0.026797954 
shuf 32 131072 4 1126400 16732593 92867 64208 270.22079 0.062349262 
sieve 32 131072 4 1126400 21905809 929423 880634 1151.17980 0.150716337 
bubble 64 131072 4 1087488 6322343 9622 2763 83.34078 0.022135143 
merge 64 131072 4 1087488 7678430 12796 4799 103.22423 0.026866739 
shuf 64 131072 4 1087488 16732593 65208 48841 297.78506 0.064191737 
sieve 64 131072 4 1087488 21905809 705082 678255 1579.39600 0.177060881 
bubble 128 131072 4 1068032 6322343 6670 1807 86.67580 0.022388479 
merge 128 131072 4 1068032 7678430 8802 3010 107.70268 0.027194764 
shuf 128 131072 4 1068032 16732593 52088 41008 362.41659 0.068599359 
sieve 128 131072 4 1068032 21905809 519309 501781 2181.91196 0.215604364 
bubble 256 131072 4 1058304 6322343 5197 1312 94.69443 0.022950048 
merge 256 131072 4 1058304 7678430 6768 2076 118.10432 0.027917213 
shuf 256 131072 4 1058304 16732593 45209 37376 495.70456 0.077719722 
sieve 256 131072 4 1058304 21905809 361352 349552 2920.86539 0.263794407 
bubble 1024 4096 4 32864 6322343 58040 16794 988.60627 0.082791152 
merge 1024 4096 4 32864 7678430 348156 119877 6053.76353 0.490314755 
shuf 1024 4096 4 32864 16732593 1189895 521536 22090.47571 1.783540283 
sieve 1024 4096 4 32864 21905809 254366 151041 5305.69533 0.439120259 
bubble 512 131072 4 1053440 6322343 4631 1115 113.08833 0.024218066 
merge 512 131072 4 1053440 7678430 5866 1631 140.80143 0.029478142 
shuf 512 131072 4 1053440 16732593 42360 36061 772.53452 0.096687873 
sieve 512 131072 4 1053440 21905809 227727 218675 3592.91627 0.307715788 
bubble 1024 131072 4 1051008 6322343 4868 1119 159.53757 0.027409211 
merge 1024 131072 4 1051008 7678430 6076 1575 199.01328 0.033475842 
shuf 1024 131072 4 1051008 16732593 42535 36510 1367.70129 0.137484642 
sieve 1024 131072 4 1051008 21905809 125361 116963 3873.06577 0.325256959 
bubble 16 131072 8 1212416 6322343 26085 7513 93.24416 0.025253373 
merge 16 131072 8 1212416 7678430 35614 14395 115.16794 0.030704157 
shuf 16 131072 8 1212416 16732593 145797 94375 285.58294 0.070362880 
sieve 16 131072 8 1212416 21905809 1220841 1129113 913.44759 0.146745652 
bubble 32 131072 8 1130496 6322343 15192 4448 90.13301 0.025204705 
merge 32 131072 8 1130496 7678430 20262 7938 111.15367 0.030588324 
shuf 32 131072 8 1130496 16732593 92513 64201 289.46900 0.070700396 
sieve 32 131072 8 1130496 21905809 930676 882091 1178.52024 0.161783062 
bubble 64 131072 8 1089536 6322343 9454 2782 90.17664 0.025285289 
merge 64 131072 8 1089536 7678430 12290 4603 111.02541 0.030654006 
shuf 64 131072 8 1089536 16732593 65056 48884 316.17398 0.072549968 
sieve 64 131072 8 1089536 21905809 705939 679263 1605.78115 0.188151796 
bubble 128 131072 8 1069056 6322343 6255 1790 92.66192 0.025490035 
merge 128 131072 8 1069056 7678430 8066 2907 114.37709 0.030918198 
shuf 128 131072 8 1069056 16732593 50719 40982 377.80156 0.076773146 
sieve 128 131072 8 1069056 21905809 517560 502333 2203.50366 0.226392082 
bubble 256 131072 8 1058816 6322343 4600 1286 99.06760 0.025945501 
merge 256 131072 8 1058816 7678430 5927 2005 122.83083 0.031513835 
shuf 256 131072 8 1058816 16732593 43720 37310 507.64896 0.085672388 
sieve 256 131072 8 1058816 21905809 359512 350124 2939.55788 0.274410024 
bubble 512 131072 8 1053696 6322343 4048 1057 114.95502 0.027044635 
merge 512 131072 8 1053696 7678430 5146 1557 142.95221 0.032902889 
shuf 512 131072 8 1053696 16732593 40875 35770 776.89499 0.104127098 
sieve 512 131072 8 1053696 21905809 225851 218680 3602.12328 0.317692030 
bubble 1024 131072 8 1051136 6322343 4414 1020 157.90975 0.029998581 
merge 1024 131072 8 1051136 7678430 5500 1398 195.81769 0.036536456 
shuf 1024 131072 8 1051136 16732593 41666 36078 1365.84387 0.144505704 
sieve 1024 131072 8 1051136 21905809 124688 116757 3883.01309 0.335300978 
bubble 16 131072 16 1220608 6322343 26273 7464 101.41164 0.028418158 
merge 16 131072 16 1220608 7678430 35466 14132 124.93507 0.034532686 
shuf 16 131072 16 1220608 16732593 145472 94525 307.11359 0.078724627 
sieve 16 131072 16 1220608 21905809 1220398 1128770 942.38319 0.157678120 
bubble 16 4096 8 39168 6322343 75498 20810 45.41878 0.011077976 
merge 16 4096 8 39168 7678430 151565 59614 74.17928 0.015698502 
shuf 16 4096 8 39168 16732593 329230 200300 175.66075 0.036054705 
sieve 16 4096 8 39168 21905809 1470870 1254013 640.56890 0.101729284 
bubble 32 131072 16 1134592 6322343 15369 4462 97.60737 0.028373899 
merge 32 131072 16 1134592 7678430 20102 7794 119.96557 0.034414770 
shuf 32 131072 16 1134592 16732593 92466 64358 309.08733 0.079071313 
sieve 32 131072 16 1134592 21905809 931531 882862 1205.50509 0.172804259 
bubble 64 131072 16 1091584 6322343 9435 2745 97.12773 0.028442316 
merge 64 131072 16 1091584 7678430 12113 4533 119.29511 0.034474943 
shuf 64 131072 16 1091584 16732593 64888 48765 334.46021 0.080895026 
sieve 64 131072 16 1091584 21905809 706458 679776 1631.45617 0.199181069 
bubble 128 131072 16 1070080 6322343 6103 1709 99.03792 0.028619052 
merge 128 131072 16 1070080 7678430 7858 2840 122.13572 0.034719462 
shuf 128 131072 16 1070080 16732593 50512 40908 395.33141 0.085100665 
sieve 128 131072 16 1070080 21905809 517819 502706 2228.60614 0.237432202 
bubble 256 131072 16 1059328 6322343 4448 1227 104.99749 0.029050546 
merge 256 131072 16 1059328 7678430 5764 1950 130.17662 0.035295063 
shuf 256 131072 16 1059328 16732593 43561 37257 524.66412 0.093982292 
sieve 256 131072 16 1059328 21905809 359439 350147 2962.85614 0.285349629 
bubble 512 131072 16 1053952 6322343 3773 1020 119.29221 0.030042942 
merge 512 131072 16 1053952 7678430 4845 1515 148.48914 0.036563059 
shuf 512 131072 16 1053952 16732593 40431 35747 791.08100 0.112249620 
sieve 512 131072 16 1053952 21905809 225158 218699 3620.31839 0.328293106 
bubble 1024 131072 16 1051264 6322343 3934 984 156.83729 0.032626208 
merge 1024 131072 16 1051264 7678430 4895 1340 193.97133 0.039690128 
shuf 1024 131072 16 1051264 16732593 40149 35848 1357.31163 0.151065603 
sieve 1024 131072 16 1051264 21905809 122061 116703 3865.98239 0.343481729 
bubble 16 131072 32 1228800 6322343 26314 7603 109.69363 0.031584010 
merge 16 131072 32 1228800 7678430 35522 14223 134.97490 0.038375724 
shuf 16 131072 32 1228800 16732593 145702 94781 329.09268 0.087103559 
sieve 16 131072 32 1228800 21905809 1220445 1128714 971.88207 0.168630791 
bubble 32 131072 32 1138688 6322343 15368 4551 105.08260 0.031538766 
merge 32 131072 32 1138688 7678430 20219 7828 129.06567 0.038260328 
shuf 32 131072 32 1138688 16732593 92587 64536 328.93648 0.087450167 
sieve 32 131072 32 1138688 21905809 932042 883383 1232.37610 0.183800507 
bubble 64 131072 32 1093632 6322343 9479 2772 104.22684 0.031608742 
merge 64 131072 32 1093632 7678430 12197 4552 127.93277 0.038321779 
shuf 64 131072 32 1093632 16732593 64899 48786 353.12163 0.089263691 
sieve 64 131072 32 1093632 21905809 706836 680128 1656.93107 0.210187993 
bubble 128 131072 32 1071104 6322343 6068 1728 105.83809 0.031778016 
merge 128 131072 32 1071104 7678430 7789 2860 130.33834 0.038551915 
shuf 128 131072 32 1071104 16732593 50440 40893 413.26312 0.093454955 
sieve 128 131072 32 1071104 21905809 518078 503012 2253.62683 0.248463077 
bubble 32 4096 8 35968 6322343 53466 13041 52.70989 0.011367261 
merge 32 4096 8 35968 7678430 94273 32975 82.73169 0.015552264 
shuf 32 4096 8 35968 16732593 240751 152574 227.05196 0.038806576 
sieve 32 4096 8 35968 21905809 1097535 957209 917.95041 0.117181573 
bubble 256 131072 32 1059840 6322343 4368 1243 111.48702 0.032194694 
merge 256 131072 32 1059840 7678430 5626 1940 137.79362 0.039094909 
shuf 256 131072 32 1059840 16732593 43445 37256 542.05386 0.102317467 
sieve 256 131072 32 1059840 21905809 359539 350353 2987.51672 0.296383929 
bubble 512 131072 32 1054208 6322343 3658 990 124.88507 0.033128424 
merge 512 131072 32 1054208 7678430 4709 1471 155.25241 0.040308313 
shuf 512 131072 32 1054208 16732593 40315 35718 807.69052 0.120540227 
sieve 512 131072 32 1054208 21905809 225023 218669 3642.34216 0.339159881 
bubble 1024 131072 32 1051392 6322343 3778 963 160.84245 0.035604362 
merge 1024 131072 32 1051392 7678430 4614 1311 197.41250 0.043208803 
shuf 1024 131072 32 1051392 16732593 39889 35765 1369.80664 0.159077237 
sieve 1024 131072 32 1051392 21905809 121854 116671 3885.52306 0.354187507 
bubble 64 4096 8 34368 6322343 41366 9396 66.74651 0.012330355 
merge 64 4096 8 34368 7678430 64866 19950 99.69958 0.016484233 
shuf 64 4096 8 34368 16732593 197074 129856 331.66920 0.046479746 
sieve 64 4096 8 34368 21905809 832230 726228 1344.43940 0.146208217 
bubble 128 4096 8 33568 6322343 36195 8798 98.27064 0.014783002 
merge 128 4096 8 33568 7678430 50002 13753 133.99771 0.019006038 
shuf 128 4096 8 33568 16732593 176593 120976 547.29393 0.063351448 
sieve 128 4096 8 33568 21905809 621679 534962 1951.03816 0.190498783 
bubble 256 4096 8 33168 6322343 34135 8453 162.89122 0.019902375 
merge 256 4096 8 33168 7678430 43597 11067 207.28023 0.024748473 
shuf 256 4096 8 33168 16732593 165627 115568 973.19459 0.097084796 
sieve 256 4096 8 33168 21905809 449210 374880 2741.30122 0.250090266 
bubble 512 4096 8 32968 6322343 40301 11039 356.19776 0.035373448 
merge 512 4096 8 32968 7678430 74787 30219 707.03934 0.065020981 
shuf 512 4096 8 32968 16732593 769035 315047 7043.83726 0.588177730 
sieve 512 4096 8 32968 21905809 323236 241926 3726.14837 0.325896890 
bubble 16 4096 16 39424 6322343 74577 20601 45.44538 0.014209767 
merge 16 4096 16 39424 7678430 150781 59405 74.28939 0.019511899 
shuf 16 4096 16 39424 16732593 327826 199937 175.98186 0.044375060 
sieve 16 4096 16 39424 21905809 1468992 1253724 641.04676 0.112625846 
bubble 32 4096 16 36096 6322343 53728 13157 53.09335 0.014544309 
merge 32 4096 16 36096 7678430 94495 32947 83.09102 0.019399627 
shuf 32 4096 16 36096 16732593 240364 152575 227.51031 0.047156660 
sieve 32 4096 16 36096 21905809 1096082 957001 918.10168 0.128064716 
bubble 32 4096 1 35584 6322343 115295 36725 86.71201 0.008636464 
merge 32 4096 1 35584 7678430 527585 189530 319.88323 0.032648248 
shuf 32 4096 1 35584 16732593 542026 293226 403.92308 0.040634916 
sieve 32 4096 1 35584 21905809 1193432 979657 963.99316 0.100246255 
bubble 64 4096 16 34432 6322343 41239 9393 66.86112 0.015481907 
merge 64 4096 16 34432 7678430 64641 19784 99.65128 0.020294513 
shuf 64 4096 16 34432 16732593 196862 129468 331.76823 0.054801642 
sieve 64 4096 16 34432 21905809 831558 725806 1344.33160 0.157080166 
bubble 128 4096 16 33600 6322343 35979 8926 98.34240 0.017932029 
merge 128 4096 16 33600 7678430 49747 13658 133.69368 0.022796954 
shuf 128 4096 16 33600 16732593 175963 120370 545.87114 0.071547176 
sieve 128 4096 16 33600 21905809 620934 534461 1949.78123 0.201279740 
bubble 256 4096 16 33184 6322343 34110 8883 164.40480 0.023171277 
merge 256 4096 16 33184 7678430 42926 11042 205.29634 0.028402552 
shuf 256 4096 16 33184 16732593 164166 115378 968.44060 0.105011926 
sieve 256 4096 16 33184 21905809 447361 374521 2734.93157 0.260455842 
bubble 16 4096 32 39680 6322343 74263 20574 45.63463 0.017362072 
merge 16 4096 32 39680 7678430 150512 59340 74.53658 0.023342431 
shuf 16 4096 32 39680 16732593 327510 199788 176.57457 0.052729266 
sieve 16 4096 32 39680 21905809 1468316 1253561 641.80411 0.123556937 
bubble 32 4096 32 36224 6322343 53910 13115 53.38252 0.017711360 
merge 32 4096 32 36224 7678430 94811 32939 83.49826 0.023251779 
shuf 32 4096 32 36224 16732593 240294 152388 228.02492 0.055512162 
sieve 32 4096 32 36224 21905809 1095971 956877 918.83327 0.139007750 
bubble 64 4096 32 34496 6322343 41367 9502 67.27201 0.018660617 
merge 64 4096 32 34496 7678430 64458 19635 99.65146 0.024109161 
shuf 64 4096 32 34496 16732593 195806 129103 331.20840 0.063062784 
sieve 64 4096 32 34496 21905809 830091 725339 1343.55030 0.167889954 
bubble 128 4096 32 33632 6322343 36348 9306 99.76154 0.021196562 
merge 128 4096 32 33632 7678430 49646 13586 133.67497 0.026612295 
shuf 128 4096 32 33632 16732593 177031 121631 550.18649 0.080234874 
sieve 128 4096 32 33632 21905809 620576 534403 1949.86139 0.212175237 
bubble 16 8192 1 76288 6322343 95473 29006 51.50484 0.008649250 
merge 16 8192 1 76288 7678430 425538 160480 151.21374 0.021605102 
shuf 16 8192 1 76288 16732593 729333 291896 277.35132 0.040472583 
sieve 16 8192 1 76288 21905809 1447049 1218045 634.25515 0.089221865 
bubble 32 8192 1 70912 6322343 77003 22872 66.60195 0.009607546 
merge 32 8192 1 70912 7678430 414359 135152 254.69457 0.029448096 
shuf 32 8192 1 70912 16732593 467540 259960 364.23808 0.044475629 
sieve 32 8192 1 70912 21905809 1109737 950466 926.80273 0.106457947 
bubble 64 8192 1 68224 6322343 84130 24101 113.70556 0.013421890 
merge 64 8192 1 68224 7678430 457149 135752 511.89012 0.050243308 
shuf 64 8192 1 68224 16732593 515368 308838 736.51675 0.074911873 
sieve 64 8192 1 68224 21905809 882794 739845 1404.83780 0.140004707 
bubble 64 4096 1 34176 6322343 123416 38710 155.96412 0.014248949 
merge 64 4096 1 34176 7678430 592181 205159 672.79159 0.061532578 
shuf 64 4096 1 34176 16732593 600678 346372 829.74025 0.075636033 
sieve 64 4096 1 34176 21905809 984676 773069 1503.32356 0.139049647 
bubble 128 8192 1 66880 6322343 116134 31595 265.10670 0.025799398 
merge 128 8192 1 66880 7678430 620320 176816 1321.69743 0.116373402 
shuf 128 8192 1 66880 16732593 522605 309827 1416.04936 0.128796245 
sieve 128 8192 1 66880 21905809 740300 574362 2218.01538 0.201352777 
bubble 256 8192 1 66208 6322343 192996 50341 813.25549 0.070140438 
merge 256 8192 1 66208 7678430 1008388 279025 4196.62473 0.348820491 
shuf 256 8192 1 66208 16732593 605974 373494 3237.57075 0.274459117 
sieve 256 8192 1 66208 21905809 687020 455295 3785.90558 0.323785211 
bubble 512 8192 1 65872 6322343 313942 79683 2572.27221 0.210885046 
merge 512 8192 1 65872 7678430 1405929 356450 11431.97780 0.926330472 
shuf 512 8192 1 65872 16732593 2303506 985775 21346.36780 1.730925311 
sieve 512 8192 1 65872 21905809 805206 403541 7909.35559 0.650895355 
bubble 1024 8192 1 65704 6322343 683976 164163 10997.42148 0.882388522 
merge 1024 8192 1 65704 7678430 1670810 438946 27323.09235 2.187856337 
shuf 1024 8192 1 65704 16732593 5981140 1537777 97332.53666 7.788480807 
sieve 1024 8192 1 65704 21905809 1172464 462749 21243.15451 1.710739663 
bubble 16 8192 2 76800 6322343 64184 18744 43.03756 0.007568924 
merge 16 8192 2 76800 7678430 128060 51950 68.41283 0.011048894 
shuf 16 8192 2 76800 16732593 281472 172177 161.61007 0.025715503 
sieve 16 8192 2 76800 21905809 1373671 1193927 614.45795 0.086686969 
bubble 32 8192 2 71168 6322343 42377 11254 47.83282 0.007665298 
merge 32 8192 2 71168 7678430 78712 29692 75.62986 0.010921601 
shuf 32 8192 2 71168 16732593 209050 138066 209.83328 0.028499501 
sieve 32 8192 2 71168 21905809 1041945 928733 890.51204 0.102697897 
bubble 64 8192 2 68352 6322343 32927 7923 59.12257 0.008435696 
merge 64 8192 2 68352 7678430 56552 19363 93.08430 0.011986343 
shuf 64 8192 2 68352 16732593 181184 125628 317.38672 0.036624717 
sieve 64 8192 2 68352 21905809 794026 712602 1310.89126 0.131419893 
bubble 128 8192 2 66944 6322343 29939 6793 85.46396 0.010481812 
merge 128 8192 2 66944 7678430 50577 16690 140.43647 0.015651479 
shuf 128 8192 2 66944 16732593 177174 124837 557.59190 0.055598147 
sieve 128 8192 2 66944 21905809 599279 528155 1915.01703 0.175515313 
bubble 256 8192 2 66240 6322343 31253 7462 151.25876 0.015710986 
merge 256 8192 2 66240 7678430 154527 89358 820.58387 0.071242044 
shuf 256 8192 2 66240 16732593 480401 333832 2703.01349 0.230506607 
sieve 256 8192 2 66240 21905809 439034 372154 2714.65109 0.235705429 
bubble 512 8192 2 65888 6322343 38979 10159 343.86591 0.031062832 
merge 512 8192 2 65888 7678430 238609 131644 2426.64077 0.199640699 
shuf 512 8192 2 65888 16732593 808772 527083 8710.12633 0.711236939 
sieve 512 8192 2 65888 21905809 319599 242772 3728.10771 0.313487083 
bubble 128 4096 1 33472 6322343 158940 48197 358.77289 0.030836531 
merge 128 4096 1 33472 7678430 926109 284642 1979.26990 0.169613056 
shuf 128 4096 1 33472 16732593 628676 354618 1649.65654 0.141248904 
sieve 128 4096 1 33472 21905809 892231 623139 2526.81556 0.218097577 
bubble 1024 8192 2 65712 6322343 51419 15898 896.80621 0.075018574 
merge 1024 8192 2 65712 7678430 318867 166620 6311.75831 0.508362191 
shuf 1024 8192 2 65712 16732593 1271914 844678 27448.76628 2.202476757 
sieve 1024 8192 2 65712 21905809 234442 148399 5042.63243 0.415787015 
bubble 16 8192 4 77312 6322343 60853 18383 42.78086 0.010634104 
merge 16 8192 4 77312 7678430 120625 48513 66.79967 0.014605436 
shuf 16 8192 4 77312 16732593 270910 170138 160.35918 0.033754173 
sieve 16 8192 4 77312 21905809 1365661 1193733 614.56652 0.097426570 
bubble 32 8192 4 71424 6322343 39447 10864 46.94039 0.010687030 
merge 32 8192 4 71424 7678430 72041 26693 72.25786 0.014354676 
shuf 32 8192 4 71424 16732593 200297 135436 206.42148 0.036387712 
sieve 32 8192 4 71424 21905809 1036581 928738 889.95347 0.113425724 
bubble 64 8192 4 68480 6322343 31039 7270 57.49913 0.011408833 
merge 64 8192 4 68480 7678430 49584 15872 85.13999 0.015051593 
shuf 64 8192 4 68480 16732593 167815 118557 301.98278 0.043478453 
sieve 64 8192 4 68480 21905809 789465 712240 1308.43672 0.142008495 
bubble 128 8192 4 67008 6322343 27114 5897 79.86653 0.013129485 
merge 128 8192 4 67008 7678430 38659 10773 112.08714 0.017029465 
shuf 128 8192 4 67008 16732593 152909 110595 496.39687 0.058650477 
sieve 128 8192 4 67008 21905809 590689 526047 1899.19271 0.184991894 
bubble 256 8192 4 66272 6322343 25635 5356 126.68964 0.016817573 
merge 256 8192 4 66272 7678430 34204 8422 169.97276 0.021546365 
shuf 256 8192 4 66272 16732593 150446 108748 908.44350 0.091232530 
sieve 256 8192 4 66272 21905809 428997 369122 2673.83635 0.243181980 
bubble 512 8192 4 65904 6322343 28372 6310 250.77054 0.026677972 
merge 512 8192 4 65904 7678430 39025 12804 367.33083 0.037262587 
shuf 512 8192 4 65904 16732593 480465 238641 4721.62358 0.397660258 
sieve 512 8192 4 65904 21905809 301146 236728 3571.09514 0.311652553 
bubble 1024 8192 4 65720 6322343 38704 10481 662.66902 0.059431258 
merge 1024 8192 4 65720 7678430 69179 24330 1241.67935 0.106896155 
shuf 1024 8192 4 65720 16732593 860257 437590 16858.69040 1.364260723 
sieve 1024 8192 4 65720 21905809 209864 138681 4600.42880 0.391277855 
bubble 16 8192 8 77824 6322343 58536 18314 42.79692 0.013733239 
merge 16 8192 8 77824 7678430 118974 48800 67.13387 0.018409188 
shuf 16 8192 8 77824 16732593 267954 168740 160.80752 0.042007266 
sieve 16 8192 8 77824 21905809 1359680 1188619 614.10718 0.108091004 
bubble 32 8192 8 71680 6322343 37132 10677 46.38319 0.013743117 
merge 32 8192 8 71680 7678430 70040 26777 72.03725 0.018113377 
shuf 32 8192 8 71680 16732593 200657 136920 208.38821 0.044831456 
sieve 32 8192 8 71680 21905809 1039018 931554 893.71459 0.124599254 
bubble 256 4096 1 33120 6322343 260423 68561 1083.98397 0.089761368 
merge 256 4096 1 33120 7678430 1547646 443668 6438.17270 0.532218943 
shuf 256 4096 1 33120 16732593 1755078 621649 7714.70224 0.637763715 
sieve 256 4096 1 33120 21905809 953644 539896 4893.86178 0.406258157 
bubble 64 8192 8 68608 6322343 29660 7087 56.67035 0.014454417 
merge 64 8192 8 68608 7678430 48483 15695 84.63526 0.018796236 
shuf 64 8192 8 68608 16732593 167716 118821 303.27558 0.051856960 
sieve 64 8192 8 68608 21905809 792600 714664 1314.47963 0.153372766 
bubble 128 8192 8 67072 6322343 26911 5650 79.56394 0.016228557 
merge 128 8192 8 67072 7678430 38415 10536 111.82582 0.020802301 
shuf 128 8192 8 67072 16732593 152530 110373 496.55394 0.066933836 
sieve 128 8192 8 67072 21905809 591056 527216 1903.17169 0.196156766 
bubble 256 8192 8 66304 6322343 25311 5104 125.24640 0.019825529 
merge 256 8192 8 66304 7678430 33630 7978 167.18974 0.025114792 
shuf 256 8192 8 66304 16732593 145880 106347 887.01862 0.097745604 
sieve 256 8192 8 66304 21905809 426641 367231 2661.56415 0.253005182 
bubble 512 8192 8 65920 6322343 25874 5344 228.78017 0.028030935 
merge 512 8192 8 65920 7678430 32887 7448 293.48556 0.035101934 
shuf 512 8192 8 65920 16732593 148531 107679 1728.34819 0.164394842 
sieve 512 8192 8 65920 21905809 297117 234968 3535.10114 0.319583600 
bubble 1024 8192 8 65728 6322343 30094 6418 499.14854 0.049488547 
merge 1024 8192 8 65728 7678430 67455 28438 1273.02500 0.113200425 
shuf 1024 8192 8 65728 16732593 557396 312501 11323.88271 0.930126720 
sieve 1024 8192 8 65728 21905809 205130 136440 4511.64680 0.395018610 
bubble 16 8192 16 78336 6322343 57689 18165 43.10300 0.016868515 
merge 16 8192 16 78336 7678430 118468 48543 67.59851 0.022228564 
shuf 16 8192 16 78336 16732593 264049 165969 160.79890 0.050199987 
sieve 16 8192 16 78336 21905809 1354668 1183496 613.86560 0.118780398 
bubble 32 8192 16 71936 6322343 36647 10549 46.59612 0.016878542 
merge 32 8192 16 71936 7678430 69911 26850 72.57615 0.021950240 
shuf 32 8192 16 71936 16732593 198669 135204 208.11086 0.053042184 
sieve 32 8192 16 71936 21905809 1038077 929789 894.25544 0.135438506 
bubble 64 8192 16 68736 6322343 29538 7002 56.94092 0.017600271 
merge 64 8192 16 68736 7678430 48597 15788 85.33557 0.022650769 
shuf 64 8192 16 68736 16732593 167653 118735 304.31827 0.060212230 
sieve 64 8192 16 68736 21905809 794123 716205 1318.50698 0.164552406 
bubble 128 8192 16 67136 6322343 27137 5789 80.58123 0.019440098 
merge 128 8192 16 67136 7678430 38646 10656 112.91209 0.024689954 
shuf 128 8192 16 67136 16732593 152457 110331 497.49974 0.075284263 
sieve 128 8192 16 67136 21905809 590463 527531 1904.21751 0.207071306 
bubble 256 8192 16 66336 6322343 25060 5182 125.10736 0.022940683 
merge 256 8192 16 66336 7678430 33440 8115 167.52924 0.028939909 
shuf 256 8192 16 66336 16732593 145340 106387 886.51720 0.105978901 
sieve 256 8192 16 66336 21905809 426002 367844 2662.94937 0.263951170 
bubble 512 4096 1 32944 6322343 398284 102273 3246.21845 0.263542379 
merge 512 4096 1 32944 7678430 2044315 535433 16629.99423 1.349157874 
shuf 512 4096 1 32944 16732593 3524281 1151732 30154.60416 2.446433118 
sieve 512 4096 1 32944 21905809 1306501 565191 12131.41759 0.985999741 
bubble 512 8192 16 65936 6322343 25653 5343 227.76186 0.031076223 
merge 512 8192 16 65936 7678430 32593 7472 292.24638 0.038800209 
shuf 512 8192 16 65936 16732593 147495 107517 1721.70706 0.172135783 
sieve 512 8192 16 65936 21905809 294986 235042 3523.24935 0.329462751 
bubble 16 8192 32 78848 6322343 57545 18132 43.58265 0.020025084 
merge 16 8192 32 78848 7678430 118736 48650 68.30324 0.026077529 
shuf 16 8192 32 78848 16732593 265389 165595 162.36680 0.058591399 
sieve 16 8192 32 78848 21905809 1359115 1182788 616.47759 0.129830517 
bubble 32 8192 32 72192 6322343 35623 10429 46.59665 0.019991666 
merge 32 8192 32 72192 7678430 69124 26839 72.81767 0.025755939 
shuf 32 8192 32 72192 16732593 197233 134895 208.63739 0.061335191 
sieve 32 8192 32 72192 21905809 1037134 929139 895.25935 0.146324505 
bubble 64 8192 32 68864 6322343 28696 6881 56.60059 0.020690180 
merge 64 8192 32 68864 7678430 47667 15696 85.04212 0.026414356 
shuf 64 8192 32 68864 16732593 168778 120325 307.68563 0.068779437 
sieve 64 8192 32 68864 21905809 796043 718486 1323.46125 0.175816185 
bubble 128 8192 32 67200 6322343 27003 5853 80.89528 0.022591610 
merge 128 8192 32 67200 7678430 38325 10631 112.87122 0.028481421 
shuf 128 8192 32 67200 16732593 151314 110177 496.53455 0.083471573 
sieve 128 8192 32 67200 21905809 588564 527018 1901.81215 0.217691355 
bubble 256 8192 32 66368 6322343 25046 5190 125.50902 0.026100258 
merge 256 8192 32 66368 7678430 33453 8101 168.03745 0.032778858 
shuf 256 8192 32 66368 16732593 146051 106479 890.23245 0.114558795 
sieve 256 8192 32 66368 21905809 427524 368106 2670.19189 0.275378619 
bubble 16 16384 1 151552 6322343 63521 20432 45.34038 0.010756745 
merge 16 16384 1 151552 7678430 385225 146421 144.32670 0.024030645 
shuf 16 16384 1 151552 16732593 676105 270683 270.50458 0.046903413 
sieve 16 16384 1 151552 21905809 1374706 1197641 631.72510 0.097763348 
bubble 32 16384 1 141312 6322343 44462 13643 51.64430 0.011014378 
merge 32 16384 1 141312 7678430 377609 122765 239.68785 0.031223556 
shuf 32 16384 1 141312 16732593 417493 237783 343.11785 0.049808518 
sieve 32 16384 1 141312 21905809 1050683 933312 913.49976 0.114210116 
bubble 64 16384 1 136192 6322343 35862 10381 65.55128 0.011995950 
merge 64 16384 1 136192 7678430 417320 122205 475.98906 0.050132699 
shuf 64 16384 1 136192 16732593 462108 284151 685.05008 0.077510092 
sieve 64 16384 1 136192 21905809 818997 721162 1359.20637 0.144854092 
bubble 128 16384 1 133632 6322343 33844 9822 99.05699 0.014599875 
merge 128 16384 1 133632 7678430 570091 159278 1227.33321 0.110860770 
shuf 128 16384 1 133632 16732593 460628 281623 1287.86449 0.124717564 
sieve 128 16384 1 133632 21905809 653662 547403 2061.87917 0.196629295 
bubble 1024 4096 1 32856 6322343 811159 197069 12999.26100 1.044759377 
merge 1024 4096 1 32856 7678430 2496413 671772 40798.91409 3.278432709 
shuf 1024 4096 1 32856 16732593 7348785 1736564 116977.07757 9.399805198 
sieve 1024 4096 1 32856 21905809 2162464 789800 38077.78744 3.061617492 
bubble 256 16384 1 132352 6322343 36329 10559 180.90198 0.021046176 
merge 256 16384 1 132352 7678430 914707 245321 3827.18442 0.318775297 
shuf 256 16384 1 132352 16732593 513322 332685 2839.62063 0.247324788 
sieve 256 16384 1 132352 21905809 545783 409558 3220.15588 0.285003032 
bubble 512 16384 1 131712 6322343 44089 12898 400.10089 0.038321182 
merge 512 16384 1 131712 7678430 1278298 308378 10406.30869 0.838452720 
shuf 512 16384 1 131712 16732593 2161772 937340 20333.26869 1.640023390 
sieve 512 16384 1 131712 21905809 534941 316214 5660.19043 0.475185236 
bubble 1024 16384 1 131392 6322343 57698 17874 1015.39840 0.086715416 
merge 1024 16384 1 131392 7678430 1465809 364515 23958.87656 1.902762865 
shuf 1024 16384 1 131392 16732593 5753264 1466493 94447.41929 7.487515663 
sieve 1024 16384 1 131392 21905809 663591 294854 12624.26200 1.021914455 
bubble 16 16384 2 152576 6322343 51594 16641 42.09411 0.010348078 
merge 16 16384 2 152576 7678430 100296 42099 63.43742 0.013910119 
shuf 16 16384 2 152576 16732593 243853 158752 157.44652 0.032754656 
sieve 16 16384 2 152576 21905809 1325278 1182159 618.42832 0.096075688 
bubble 32 16384 2 141824 6322343 32872 9763 45.28328 0.010364637 
merge 32 16384 2 141824 7678430 59500 23239 67.69044 0.013682886 
shuf 32 16384 2 141824 16732593 178269 125069 198.20094 0.035027122 
sieve 32 16384 2 141824 21905809 1005535 919174 889.19602 0.111720104 
bubble 64 16384 2 136448 6322343 24368 6352 52.82554 0.010847248 
merge 64 16384 2 136448 7678430 40327 13900 77.97608 0.014220646 
shuf 64 16384 2 136448 16732593 149363 110205 285.90858 0.041494957 
sieve 64 16384 2 136448 21905809 762973 703844 1299.12585 0.139426784 
bubble 128 16384 2 133760 6322343 21090 4994 70.28044 0.012173560 
merge 128 16384 2 133760 7678430 32692 10071 103.44404 0.016109142 
shuf 128 16384 2 133760 16732593 141441 106487 478.73032 0.056500990 
sieve 128 16384 2 133760 21905809 570012 520159 1880.40515 0.181325924 
bubble 256 16384 2 132416 6322343 21105 4860 112.47715 0.015480657 
merge 256 16384 2 132416 7678430 33026 9749 173.31038 0.021585998 
shuf 256 16384 2 132416 16732593 429735 299683 2458.35434 0.216312113 
sieve 256 16384 2 132416 21905809 408699 363658 2621.75319 0.236329288 
bubble 512 16384 2 131744 6322343 23354 5573 216.65995 0.023673862 
merge 512 16384 2 131744 7678430 40851 13263 387.17584 0.038455357 
shuf 512 16384 2 131744 16732593 555028 420141 6448.00977 0.531325144 
sieve 512 16384 2 131744 21905809 285361 233929 3490.63989 0.301951706 
bubble 1024 16384 2 131408 6322343 29886 8225 525.72028 0.047980742 
merge 1024 16384 2 131408 7678430 61536 22471 1131.51515 0.097071087 
shuf 1024 16384 2 131408 16732593 984843 740882 22631.03651 1.806686575 
sieve 1024 16384 2 131408 21905809 194283 135706 4409.27389 0.372090951 
bubble 16 4096 2 38656 6322343 81584 22975 46.58542 0.004970159 
merge 16 4096 2 38656 7678430 163545 65295 77.13727 0.008479258 
shuf 16 4096 2 38656 16732593 339825 198448 176.09638 0.019549430 
sieve 16 4096 2 38656 21905809 1468232 1239323 635.27072 0.079372946 
bubble 16 16384 4 153600 6322343 47665 15802 42.09473 0.013385281 
merge 16 16384 4 153600 7678430 92961 39653 62.61099 0.017495027 
shuf 16 16384 4 153600 16732593 227421 154581 155.79857 0.040585274 
sieve 16 16384 4 153600 21905809 1295158 1174409 614.11334 0.106043972 
bubble 32 16384 4 142336 6322343 29921 9077 44.69551 0.013373055 
merge 32 16384 4 142336 7678430 54178 21372 65.83582 0.017220163 
shuf 32 16384 4 142336 16732593 166397 121068 194.07948 0.042726752 
sieve 32 16384 4 142336 21905809 985443 913562 881.83948 0.121593440 
bubble 64 16384 4 136704 6322343 21478 5838 50.90332 0.013756523 
merge 64 16384 4 136704 7678430 35160 12321 73.49974 0.017560658 
shuf 64 16384 4 136704 16732593 136700 104807 273.40302 0.048524740 
sieve 64 16384 4 136704 21905809 749044 699762 1287.41864 0.149046874 
bubble 128 16384 4 133888 6322343 18484 4340 65.79358 0.014884851 
merge 128 16384 4 133888 7678430 27091 8010 91.93388 0.018891002 
shuf 128 16384 4 133888 16732593 125436 97596 440.23149 0.061431638 
sieve 128 16384 4 133888 21905809 559765 517177 1861.72924 0.190453226 
bubble 256 16384 4 132480 6322343 18248 3750 100.34272 0.017586607 
merge 256 16384 4 132480 7678430 24617 6027 134.65620 0.022198367 
shuf 256 16384 4 132480 16732593 123565 95501 791.50308 0.088924778 
sieve 256 16384 4 132480 21905809 402005 361144 2594.57095 0.244832864 
bubble 512 16384 4 131776 6322343 19485 3909 181.32220 0.023946807 
merge 512 16384 4 131776 7678430 27195 7868 263.64281 0.032349950 
shuf 512 16384 4 131776 16732593 440040 209488 4321.34655 0.369706838 
sieve 512 16384 4 131776 21905809 274730 229157 3392.84762 0.304864244 
bubble 1024 16384 4 131424 6322343 22378 5200 388.86761 0.040250791 
merge 1024 16384 4 131424 7678430 32076 11151 599.46001 0.058743782 
shuf 1024 16384 4 131424 16732593 407846 230801 8423.24368 0.691014220 
sieve 1024 16384 4 131424 21905809 181015 129263 4154.50680 0.362662682 
bubble 16 16384 8 154624 6322343 46427 15740 42.82928 0.016512652 
merge 16 16384 8 154624 7678430 91975 39681 63.63479 0.021309334 
shuf 16 16384 8 154624 16732593 222352 153661 157.22299 0.048795856 
sieve 16 16384 8 154624 21905809 1285838 1172723 615.42799 0.116710721 
bubble 32 16384 8 142848 6322343 29111 9052 45.26832 0.016499157 
merge 32 16384 8 142848 7678430 53335 21390 66.61040 0.021024728 
shuf 32 16384 8 142848 16732593 162891 120294 194.75009 0.050913289 
sieve 32 16384 8 142848 21905809 980255 912003 882.31344 0.132262970 
bubble 64 16384 8 136960 6322343 20456 5726 50.84608 0.016833779 
merge 64 16384 8 136960 7678430 34121 12197 73.60640 0.021313810 
shuf 64 16384 8 136960 16732593 134797 104113 273.58932 0.056698858 
sieve 64 16384 8 136960 21905809 746846 698463 1287.62669 0.159741001 
bubble 32 4096 2 35712 6322343 56861 14684 54.28281 0.005256515 
merge 32 4096 2 35712 7678430 105331 38873 89.00857 0.008585987 
shuf 32 4096 2 35712 16732593 253297 157473 232.86732 0.022806672 
sieve 32 4096 2 35712 21905809 1105189 954925 918.48992 0.095501304 
